Road: 13, fixed object
Sidewalk: 13, fixed object
Building: 13, fixed object
Wall: 8, fixed object
Fence: 13, fixed object
Pole: 13, fixed object
traffic light: 35, moving instances: 14, 45, 52, 77, 87, 100, 136, 162, 165, 167, 171, 275, 301, 306, 363, 447, 448, 490, 498, 699, 881, 945, 997, 1072
traffic sign: 13, fixed object
Vegetation: 13, fixed object
Terrain: 6, fixed object
Sky: 13, fixed object
Person: 138, moving instances: 9, 10, 12, 18, 33, 44, 69, 73, 83, 99, 105, 109, 112, 123, 126, 130, 144, 147, 159, 176, 189, 204, 242, 244, 263, 270, 274, 277, 279, 286, 288, 291, 316, 319, 340, 341, 344, 347, 349, 355, 361, 362, 382, 392, 393, 410, 411, 414, 418, 424, 440, 441, 449, 462, 473, 478, 480, 484, 489, 500, 534, 580, 588, 633, 661, 667, 670, 676, 679, 686, 723, 728, 742, 744, 746, 755, 756, 758, 760, 771, 776, 786, 796, 801, 807, 811, 823, 828, 830, 845, 853, 863, 869, 871, 876, 886, 895, 896, 901, 903, 906, 926, 932, 938, 942, 943, 946, 951, 961, 968, 974, 990, 1016, 1021, 1027, 1031, 1040, 1043, 1057, 1074, 1082, 1084, 1085, 1091, 1097
Rider: 12, fixed object
Car: 71, moving instances: 1, 2, 3, 4, 5, 6, 7, 8, 11, 13, 28, 30, 36, 46, 49, 54, 59, 60, 76, 113, 127, 131, 166, 169, 173, 175, 183, 195, 196, 201, 203, 210, 216, 221, 229, 235, 236, 249, 250, 252, 253, 265, 278, 327, 331, 455, 502, 508, 543, 610, 659, 803, 826, 868, 872, 897, 996, 1006
Truck: 3, fixed object
Bus: 6, moving instances: 155, 553
Train: 1, fixed object
Motorcycle: 55, moving instances: 101, 104, 119, 142, 150, 190, 360, 364, 366, 375, 376, 380, 381, 394, 396, 416, 423, 450, 523, 548, 552, 560, 584, 587, 623, 654, 693, 696, 727, 741, 763, 770, 772, 773, 789, 791, 797, 818, 864, 884, 960, 976, 1017, 1069, 1076
Bicycle: 41, moving instances: 41, 128, 129, 152, 184, 282, 445, 486, 499, 515, 524, 532, 691, 712, 713, 717, 719, 721, 735, 747, 855, 874, 893, 921, 927, 957, 1095, 1099
others: 0
airplane: 0
cat: 0
dog: 0
umbrella: 3, moving instances: 531, 608, 617
handbag: 0
suitcase: 0
cellphone: 0
stopsign: 2, moving instances: 715, 745
parking_meter: 0
bench: 0
